EmployeeNumber,Age,DailyRate,HourlyRate,MonthlyIncome
1,41,1102,94,5993
58,41,1360,49,19545
65,28,1434,50,3441
190,32,1033,41,4200
248,41,1356,70,3140
282,38,1180,70,6673
297,30,1005,88,2657
394,26,1449,45,2373
445,39,1162,41,5238
554,24,1448,62,3202
582,33,1277,56,13610
614,18,1306,69,1878
647,24,1287,55,2886
650,31,1365,46,4233
667,27,1420,85,3041
701,20,1362,32,1009
702,33,1076,70,3348
840,49,1184,43,7654
923,21,1427,65,2693
932,39,1122,70,2404
1081,51,1323,34,2461
1100,35,1204,86,9582
1106,25,1219,32,3691
1107,26,1330,37,2377
1175,28,1485,79,2515
1200,44,1097,96,2936
1309,32,1089,79,4883
1319,52,1030,64,8446
1331,31,1060,54,2302
1467,34,1107,52,2742
1486,28,1496,92,2909
1649,40,1329,73,2166
1692,32,1259,95,1393
1761,31,1079,70,8161
1783,22,1294,79,2398
1869,46,1254,64,7314
1907,56,1162,97,2587
1933,28,1475,84,9854
1968,53,1168,66,10448
2027,29,1092,36,4787
